"location"	"Joinpoint Model"	"AAPC Index"	"Start Obs"	"End Obs"	"AAPC"	"AAPC C.I. Low"	"AAPC C.I. High"	"Statistically Significant (0=No  1=Yes)"	"Test Statistic"	"P-Value"
"Afghanistan"	2	"Full Range"	1990.000	2019.000	-0.261	-0.330	-0.191	1	-7.357	0.000
"Albania"	1	"Full Range"	1990.000	2019.000	-1.628	-2.063	-1.190	1	-7.254	0.000
"Algeria"	2	"Full Range"	1990.000	2019.000	-0.712	-0.777	-0.647	1	-21.464	0.000
"American Samoa"	2	"Full Range"	1990.000	2019.000	0.360	0.068	0.653	1	2.419	0.016
"Andorra"	2	"Full Range"	1990.000	2019.000	-0.212	-0.341	-0.082	1	-3.205	0.001
"Angola"	2	"Full Range"	1990.000	2019.000	-1.113	-1.261	-0.966	1	-14.702	0.000
"Antigua and Barbuda"	2	"Full Range"	1990.000	2019.000	-0.540	-1.336	0.262	0	-1.322	0.186
"Argentina"	2	"Full Range"	1990.000	2019.000	-1.250	-1.659	-0.840	1	-5.951	0.000
"Armenia"	1	"Full Range"	1990.000	2019.000	-1.560	-1.784	-1.336	1	-13.558	0.000
"Australia"	1	"Full Range"	1990.000	2019.000	-0.323	-0.432	-0.214	1	-5.820	0.000
"Austria"	2	"Full Range"	1990.000	2019.000	-0.526	-0.671	-0.382	1	-7.120	0.000
"Azerbaijan"	2	"Full Range"	1990.000	2019.000	-0.277	-0.395	-0.158	1	-4.549	0.000
"Bahamas"	2	"Full Range"	1990.000	2019.000	-0.771	-0.997	-0.545	1	-6.669	0.000
"Bahrain"	2	"Full Range"	1990.000	2019.000	-2.661	-3.175	-2.143	1	-9.970	0.000
"Bangladesh"	2	"Full Range"	1990.000	2019.000	-1.632	-1.984	-1.280	1	-9.016	0.000
"Barbados"	1	"Full Range"	1990.000	2019.000	-0.536	-0.959	-0.111	1	-2.469	0.014
"Belarus"	1	"Full Range"	1990.000	2019.000	-0.269	-0.648	0.110	0	-1.391	0.164
"Belgium"	2	"Full Range"	1990.000	2019.000	0.913	0.764	1.063	1	12.029	0.000
"Belize"	2	"Full Range"	1990.000	2019.000	0.581	-0.197	1.366	0	1.462	0.144
"Benin"	2	"Full Range"	1990.000	2019.000	1.072	0.956	1.188	1	18.170	0.000
"Bermuda"	2	"Full Range"	1990.000	2019.000	-1.516	-1.688	-1.344	1	-17.181	0.000
"Bhutan"	2	"Full Range"	1990.000	2019.000	-0.503	-0.570	-0.437	1	-14.792	0.000
"Bolivia (Plurinational State of)"	2	"Full Range"	1990.000	2019.000	-0.338	-0.413	-0.263	1	-8.810	0.000
"Bosnia and Herzegovina"	2	"Full Range"	1990.000	2019.000	-0.753	-1.185	-0.319	1	-3.397	0.001
"Botswana"	2	"Full Range"	1990.000	2019.000	-0.329	-0.465	-0.192	1	-4.712	0.000
"Brazil"	2	"Full Range"	1990.000	2019.000	-0.901	-1.017	-0.785	1	-15.161	0.000
"Brunei Darussalam"	1	"Full Range"	1990.000	2019.000	-1.499	-1.666	-1.332	1	-17.433	0.000
"Bulgaria"	2	"Full Range"	1990.000	2019.000	-0.635	-0.852	-0.418	1	-5.721	0.000
"Burkina Faso"	2	"Full Range"	1990.000	2019.000	1.091	0.917	1.265	1	12.364	0.000
"Burundi"	2	"Full Range"	1990.000	2019.000	-1.371	-1.478	-1.264	1	-24.869	0.000
"Cabo Verde"	2	"Full Range"	1990.000	2019.000	1.992	1.297	2.692	1	5.652	0.000
"Cambodia"	2	"Full Range"	1990.000	2019.000	-0.765	-0.858	-0.673	1	-16.152	0.000
"Cameroon"	2	"Full Range"	1990.000	2019.000	1.071	0.943	1.199	1	16.535	0.000
"Canada"	2	"Full Range"	1990.000	2019.000	0.738	0.470	1.006	1	5.419	0.000
"Central African Republic"	2	"Full Range"	1990.000	2019.000	-0.863	-0.959	-0.768	1	-17.696	0.000
"Chad"	2	"Full Range"	1990.000	2019.000	1.450	1.291	1.609	1	18.007	0.000
"Chile"	2	"Full Range"	1990.000	2019.000	-2.328	-2.698	-1.956	1	-12.167	0.000
"China"	2	"Full Range"	1990.000	2019.000	-1.312	-1.666	-0.957	1	-7.214	0.000
"Colombia"	1	"Full Range"	1990.000	2019.000	-2.771	-3.464	-2.073	1	-7.701	0.000
"Comoros"	2	"Full Range"	1990.000	2019.000	-0.809	-1.089	-0.528	1	-5.628	0.000
"Congo"	2	"Full Range"	1990.000	2019.000	-1.257	-1.423	-1.090	1	-14.728	0.000
"Cook Islands"	2	"Full Range"	1990.000	2019.000	-0.703	-0.871	-0.534	1	-8.139	0.000
"Costa Rica"	1	"Full Range"	1990.000	2019.000	-1.967	-2.326	-1.608	1	-10.634	0.000
"Croatia"	1	"Full Range"	1990.000	2019.000	-1.242	-1.522	-0.962	1	-8.636	0.000
"Cuba"	1	"Full Range"	1990.000	2019.000	1.551	1.404	1.697	1	20.906	0.000
"Cyprus"	2	"Full Range"	1990.000	2019.000	0.180	-0.137	0.499	0	1.112	0.266
"Czechia"	2	"Full Range"	1990.000	2019.000	0.585	0.216	0.954	1	3.116	0.002
"Côte d'Ivoire"	2	"Full Range"	1990.000	2019.000	0.931	0.721	1.142	1	8.706	0.000
"Democratic People's Republic of Korea"	2	"Full Range"	1990.000	2019.000	-0.434	-0.505	-0.364	1	-12.011	0.000
"Democratic Republic of the Congo"	2	"Full Range"	1990.000	2019.000	-0.824	-0.918	-0.729	1	-16.947	0.000
"Denmark"	2	"Full Range"	1990.000	2019.000	-0.045	-0.352	0.264	0	-0.283	0.777
"Djibouti"	2	"Full Range"	1990.000	2019.000	-0.471	-0.594	-0.348	1	-7.486	0.000
"Dominica"	2	"Full Range"	1990.000	2019.000	0.004	-0.199	0.208	0	0.038	0.970
"Dominican Republic"	1	"Full Range"	1990.000	2019.000	1.613	1.251	1.976	1	8.793	0.000
"Ecuador"	2	"Full Range"	1990.000	2019.000	-1.195	-1.687	-0.701	1	-4.719	0.000
"Egypt"	2	"Full Range"	1990.000	2019.000	0.740	0.278	1.204	1	3.145	0.002
"El Salvador"	2	"Full Range"	1990.000	2019.000	0.460	-0.199	1.123	0	1.367	0.172
"Equatorial Guinea"	2	"Full Range"	1990.000	2019.000	-1.063	-1.225	-0.902	1	-12.850	0.000
"Eritrea"	2	"Full Range"	1990.000	2019.000	-0.361	-0.491	-0.231	1	-5.443	0.000
"Estonia"	2	"Full Range"	1990.000	2019.000	0.047	-0.518	0.615	0	0.162	0.871
"Eswatini"	2	"Full Range"	1990.000	2019.000	-0.349	-0.758	0.062	0	-1.664	0.096
"Ethiopia"	2	"Full Range"	1990.000	2019.000	-1.793	-1.997	-1.588	1	-17.014	0.000
"Fiji"	2	"Full Range"	1990.000	2019.000	0.461	0.111	0.811	1	2.586	0.010
"Finland"	2	"Full Range"	1990.000	2019.000	-0.062	-0.246	0.123	0	-0.653	0.514
"France"	2	"Full Range"	1990.000	2019.000	-1.846	-2.194	-1.497	1	-10.282	0.000
"Gabon"	2	"Full Range"	1990.000	2019.000	-0.529	-0.636	-0.423	1	-9.705	0.000
"Gambia"	2	"Full Range"	1990.000	2019.000	0.995	0.480	1.512	1	3.799	0.000
"Georgia"	2	"Full Range"	1990.000	2019.000	0.007	-0.445	0.461	0	0.032	0.975
"Germany"	1	"Full Range"	1990.000	2019.000	1.432	1.343	1.520	1	31.858	0.000
"Ghana"	2	"Full Range"	1990.000	2019.000	0.249	0.140	0.358	1	4.465	0.000
"Greece"	2	"Full Range"	1990.000	2019.000	-1.613	-1.899	-1.326	1	-10.943	0.000
"Greenland"	2	"Full Range"	1990.000	2019.000	-0.423	-0.620	-0.225	1	-4.179	0.000
"Grenada"	2	"Full Range"	1990.000	2019.000	-0.379	-0.667	-0.090	1	-2.568	0.010
"Guam"	2	"Full Range"	1990.000	2019.000	0.028	-0.720	0.781	0	0.072	0.943
"Guatemala"	2	"Full Range"	1990.000	2019.000	0.524	0.273	0.776	1	4.099	0.000
"Guinea"	2	"Full Range"	1990.000	2019.000	0.570	0.457	0.683	1	9.902	0.000
"Guinea-Bissau"	2	"Full Range"	1990.000	2019.000	0.631	0.523	0.740	1	11.444	0.000
"Guyana"	2	"Full Range"	1990.000	2019.000	-0.054	-0.428	0.321	0	-0.283	0.777
"Haiti"	2	"Full Range"	1990.000	2019.000	-0.810	-0.894	-0.726	1	-18.818	0.000
"Honduras"	2	"Full Range"	1990.000	2019.000	1.261	0.917	1.606	1	7.213	0.000
"Hungary"	2	"Full Range"	1990.000	2019.000	-0.803	-1.092	-0.514	1	-5.422	0.000
"Iceland"	2	"Full Range"	1990.000	2019.000	0.037	-0.227	0.301	0	0.274	0.784
"India"	2	"Full Range"	1990.000	2019.000	-0.579	-0.869	-0.288	1	-3.900	0.000
"Indonesia"	2	"Full Range"	1990.000	2019.000	-0.166	-0.230	-0.101	1	-5.049	0.000
"Iran (Islamic Republic of)"	2	"Full Range"	1990.000	2019.000	-0.688	-0.923	-0.453	1	-5.713	0.000
"Iraq"	2	"Full Range"	1990.000	2019.000	-0.086	-0.311	0.139	0	-0.749	0.454
"Ireland"	1	"Full Range"	1990.000	2019.000	0.099	-0.031	0.230	0	1.493	0.135
"Israel"	1	"Full Range"	1990.000	2019.000	-0.849	-1.041	-0.656	1	-8.595	0.000
"Italy"	2	"Full Range"	1990.000	2019.000	-1.756	-2.076	-1.434	1	-10.622	0.000
"Jamaica"	2	"Full Range"	1990.000	2019.000	-0.201	-1.498	1.113	0	-0.302	0.763
"Japan"	2	"Full Range"	1990.000	2019.000	-0.197	-0.391	-0.003	1	-1.989	0.047
"Jordan"	2	"Full Range"	1990.000	2019.000	-0.451	-0.767	-0.134	1	-2.783	0.005
"Kazakhstan"	2	"Full Range"	1990.000	2019.000	-3.554	-3.981	-3.126	1	-16.001	0.000
"Kenya"	2	"Full Range"	1990.000	2019.000	0.624	0.497	0.752	1	9.626	0.000
"Kiribati"	2	"Full Range"	1990.000	2019.000	-0.153	-0.207	-0.099	1	-5.543	0.000
"Kuwait"	2	"Full Range"	1990.000	2019.000	-0.205	-1.327	0.930	0	-0.355	0.723
"Kyrgyzstan"	2	"Full Range"	1990.000	2019.000	-2.445	-2.926	-1.961	1	-9.806	0.000
"Lao People's Democratic Republic"	2	"Full Range"	1990.000	2019.000	-1.714	-1.860	-1.568	1	-22.863	0.000
"Latvia"	2	"Full Range"	1990.000	2019.000	0.441	-0.487	1.379	0	0.929	0.353
"Lebanon"	2	"Full Range"	1990.000	2019.000	0.041	-0.069	0.151	0	0.736	0.462
"Lesotho"	2	"Full Range"	1990.000	2019.000	0.848	0.624	1.072	1	7.447	0.000
"Liberia"	2	"Full Range"	1990.000	2019.000	0.802	0.633	0.971	1	9.323	0.000
"Libya"	0	"Full Range"	1990.000	2019.000	0.504	0.362	0.647	1	7.261	0.000
"Lithuania"	2	"Full Range"	1990.000	2019.000	0.766	0.194	1.341	1	2.626	0.009
"Luxembourg"	2	"Full Range"	1990.000	2019.000	-1.065	-1.418	-0.711	1	-5.872	0.000
"Madagascar"	2	"Full Range"	1990.000	2019.000	-0.617	-0.820	-0.414	1	-5.945	0.000
"Malawi"	2	"Full Range"	1990.000	2019.000	0.338	0.163	0.513	1	3.785	0.000
"Malaysia"	2	"Full Range"	1990.000	2019.000	-0.113	-0.399	0.174	0	-0.774	0.439
"Maldives"	2	"Full Range"	1990.000	2019.000	-2.555	-3.094	-2.014	1	-9.156	0.000
"Mali"	2	"Full Range"	1990.000	2019.000	0.092	-0.111	0.296	0	0.889	0.374
"Malta"	2	"Full Range"	1990.000	2019.000	-0.372	-0.577	-0.167	1	-3.544	0.000
"Marshall Islands"	2	"Full Range"	1990.000	2019.000	-0.493	-0.705	-0.281	1	-4.544	0.000
"Mauritania"	2	"Full Range"	1990.000	2019.000	-0.062	-0.244	0.119	0	-0.673	0.501
"Mauritius"	1	"Full Range"	1990.000	2019.000	-0.921	-1.254	-0.587	1	-5.390	0.000
"Mexico"	2	"Full Range"	1990.000	2019.000	-1.102	-1.307	-0.897	1	-10.470	0.000
"Micronesia (Federated States of)"	2	"Full Range"	1990.000	2019.000	-0.334	-0.366	-0.302	1	-20.515	0.000
"Monaco"	2	"Full Range"	1990.000	2019.000	0.561	0.427	0.695	1	8.238	0.000
"Mongolia"	2	"Full Range"	1990.000	2019.000	-0.453	-0.690	-0.215	1	-3.732	0.000
"Montenegro"	1	"Full Range"	1990.000	2019.000	0.590	0.418	0.763	1	6.716	0.000
"Morocco"	2	"Full Range"	1990.000	2019.000	0.341	0.128	0.554	1	3.144	0.002
"Mozambique"	2	"Full Range"	1990.000	2019.000	0.811	0.700	0.921	1	14.436	0.000
"Myanmar"	2	"Full Range"	1990.000	2019.000	-1.374	-1.450	-1.298	1	-35.329	0.000
"Namibia"	2	"Full Range"	1990.000	2019.000	0.401	0.208	0.594	1	4.069	0.000
"Nauru"	2	"Full Range"	1990.000	2019.000	-0.464	-0.587	-0.341	1	-7.392	0.000
"Nepal"	2	"Full Range"	1990.000	2019.000	-0.068	-0.264	0.130	0	-0.671	0.502
"Netherlands"	2	"Full Range"	1990.000	2019.000	2.233	1.842	2.625	1	11.310	0.000
"New Zealand"	1	"Full Range"	1990.000	2019.000	-0.140	-0.377	0.097	0	-1.162	0.245
"Nicaragua"	1	"Full Range"	1990.000	2019.000	0.059	-0.196	0.314	0	0.451	0.652
"Niger"	2	"Full Range"	1990.000	2019.000	0.614	0.520	0.708	1	12.863	0.000
"Nigeria"	2	"Full Range"	1990.000	2019.000	0.168	0.000	0.337	1	1.961	0.050
"Niue"	2	"Full Range"	1990.000	2019.000	-0.142	-0.237	-0.047	1	-2.920	0.004
"North Macedonia"	2	"Full Range"	1990.000	2019.000	0.048	-0.260	0.357	0	0.305	0.761
"Northern Mariana Islands"	2	"Full Range"	1990.000	2019.000	2.301	1.857	2.748	1	10.236	0.000
"Norway"	1	"Full Range"	1990.000	2019.000	0.260	0.063	0.457	1	2.588	0.010
"Oman"	2	"Full Range"	1990.000	2019.000	0.094	-0.184	0.372	0	0.662	0.508
"Pakistan"	2	"Full Range"	1990.000	2019.000	0.443	0.374	0.513	1	12.564	0.000
"Palau"	2	"Full Range"	1990.000	2019.000	0.169	0.103	0.235	1	5.034	0.000
"Palestine"	2	"Full Range"	1990.000	2019.000	-0.789	-0.987	-0.590	1	-7.755	0.000
"Panama"	2	"Full Range"	1990.000	2019.000	-0.376	-0.708	-0.043	1	-2.211	0.027
"Papua New Guinea"	2	"Full Range"	1990.000	2019.000	-0.022	-0.087	0.044	0	-0.648	0.517
"Paraguay"	2	"Full Range"	1990.000	2019.000	0.822	0.578	1.065	1	6.640	0.000
"Peru"	0	"Full Range"	1990.000	2019.000	-1.015	-1.171	-0.858	1	-13.188	0.000
"Philippines"	2	"Full Range"	1990.000	2019.000	-0.518	-0.685	-0.352	1	-6.090	0.000
"Poland"	1	"Full Range"	1990.000	2019.000	-0.602	-0.717	-0.487	1	-10.225	0.000
"Portugal"	2	"Full Range"	1990.000	2019.000	-1.250	-1.455	-1.045	1	-11.868	0.000
"Puerto Rico"	2	"Full Range"	1990.000	2019.000	-3.489	-3.814	-3.163	1	-20.618	0.000
"Qatar"	2	"Full Range"	1990.000	2019.000	-0.111	-1.374	1.169	0	-0.170	0.865
"Republic of Korea"	2	"Full Range"	1990.000	2019.000	-1.761	-2.080	-1.441	1	-10.714	0.000
"Republic of Moldova"	2	"Full Range"	1990.000	2019.000	-0.853	-1.732	0.033	0	-1.888	0.059
"Romania"	2	"Full Range"	1990.000	2019.000	2.103	1.249	2.964	1	4.856	0.000
"Russian Federation"	1	"Full Range"	1990.000	2019.000	-1.459	-1.795	-1.122	1	-8.443	0.000
"Rwanda"	2	"Full Range"	1990.000	2019.000	-1.902	-2.067	-1.736	1	-22.332	0.000
"Saint Kitts and Nevis"	2	"Full Range"	1990.000	2019.000	-0.788	-1.528	-0.043	1	-2.071	0.038
"Saint Lucia"	2	"Full Range"	1990.000	2019.000	-0.522	-0.689	-0.355	1	-6.113	0.000
"Saint Vincent and the Grenadines"	2	"Full Range"	1990.000	2019.000	0.169	-0.073	0.411	0	1.365	0.172
"Samoa"	2	"Full Range"	1990.000	2019.000	-0.823	-0.921	-0.726	1	-16.473	0.000
"San Marino"	1	"Full Range"	1990.000	2019.000	0.102	0.046	0.157	1	3.613	0.000
"Sao Tome and Principe"	2	"Full Range"	1990.000	2019.000	1.929	1.788	2.069	1	27.180	0.000
"Saudi Arabia"	2	"Full Range"	1990.000	2019.000	0.262	0.127	0.396	1	3.820	0.000
"Senegal"	2	"Full Range"	1990.000	2019.000	0.891	0.421	1.363	1	3.723	0.000
"Serbia"	1	"Full Range"	1990.000	2019.000	0.074	-0.218	0.367	0	0.497	0.619
"Seychelles"	2	"Full Range"	1990.000	2019.000	-0.041	-0.574	0.495	0	-0.150	0.880
"Sierra Leone"	2	"Full Range"	1990.000	2019.000	1.014	0.872	1.156	1	14.104	0.000
"Singapore"	2	"Full Range"	1990.000	2019.000	-2.851	-3.108	-2.593	1	-21.369	0.000
"Slovakia"	2	"Full Range"	1990.000	2019.000	-0.196	-0.486	0.095	0	-1.318	0.187
"Slovenia"	2	"Full Range"	1990.000	2019.000	-0.895	-1.339	-0.449	1	-3.926	0.000
"Solomon Islands"	2	"Full Range"	1990.000	2019.000	-0.097	-0.270	0.076	0	-1.100	0.271
"Somalia"	2	"Full Range"	1990.000	2019.000	-0.897	-1.016	-0.778	1	-14.732	0.000
"South Africa"	2	"Full Range"	1990.000	2019.000	-0.803	-1.240	-0.363	1	-3.573	0.000
"South Sudan"	2	"Full Range"	1990.000	2019.000	-1.084	-1.172	-0.996	1	-23.994	0.000
"Spain"	2	"Full Range"	1990.000	2019.000	-1.186	-1.342	-1.030	1	-14.806	0.000
"Sri Lanka"	2	"Full Range"	1990.000	2019.000	-0.094	-0.764	0.581	0	-0.274	0.784
"Sudan"	2	"Full Range"	1990.000	2019.000	0.422	0.352	0.493	1	11.803	0.000
"Suriname"	2	"Full Range"	1990.000	2019.000	-0.022	-1.401	1.376	0	-0.031	0.975
"Sweden"	2	"Full Range"	1990.000	2019.000	0.392	0.174	0.610	1	3.527	0.000
"Switzerland"	2	"Full Range"	1990.000	2019.000	-0.762	-0.990	-0.533	1	-6.516	0.000
"Syrian Arab Republic"	2	"Full Range"	1990.000	2019.000	0.223	-0.010	0.457	0	1.874	0.061
"Taiwan (Province of China)"	2	"Full Range"	1990.000	2019.000	2.217	1.889	2.545	1	13.379	0.000
"Tajikistan"	2	"Full Range"	1990.000	2019.000	-1.990	-2.302	-1.676	1	-12.321	0.000
"Thailand"	2	"Full Range"	1990.000	2019.000	-0.892	-1.186	-0.596	1	-5.891	0.000
"Timor-Leste"	2	"Full Range"	1990.000	2019.000	-0.380	-0.541	-0.219	1	-4.620	0.000
"Togo"	2	"Full Range"	1990.000	2019.000	0.962	0.831	1.093	1	14.446	0.000
"Tokelau"	2	"Full Range"	1990.000	2019.000	-0.554	-0.627	-0.480	1	-14.733	0.000
"Tonga"	2	"Full Range"	1990.000	2019.000	0.059	-0.454	0.575	0	0.226	0.821
"Trinidad and Tobago"	2	"Full Range"	1990.000	2019.000	-1.553	-2.036	-1.067	1	-6.230	0.000
"Tunisia"	2	"Full Range"	1990.000	2019.000	0.224	0.093	0.354	1	3.364	0.001
"Turkey"	2	"Full Range"	1990.000	2019.000	-1.229	-1.494	-0.964	1	-9.049	0.000
"Turkmenistan"	2	"Full Range"	1990.000	2019.000	-4.811	-5.453	-4.165	1	-14.277	0.000
"Tuvalu"	2	"Full Range"	1990.000	2019.000	-0.779	-0.831	-0.727	1	-29.237	0.000
"Uganda"	2	"Full Range"	1990.000	2019.000	0.740	0.584	0.897	1	9.291	0.000
"Ukraine"	2	"Full Range"	1990.000	2019.000	-0.239	-0.883	0.408	0	-0.725	0.468
"United Arab Emirates"	2	"Full Range"	1990.000	2019.000	0.365	0.037	0.693	1	2.183	0.029
"United Kingdom"	2	"Full Range"	1990.000	2019.000	0.361	0.233	0.489	1	5.546	0.000
"United Republic of Tanzania"	2	"Full Range"	1990.000	2019.000	-0.801	-0.975	-0.627	1	-8.992	0.000
"United States of America"	1	"Full Range"	1990.000	2019.000	0.168	0.108	0.228	1	5.465	0.000
"United States Virgin Islands"	2	"Full Range"	1990.000	2019.000	0.810	0.529	1.092	1	5.664	0.000
"Uruguay"	2	"Full Range"	1990.000	2019.000	-1.922	-2.317	-1.525	1	-9.413	0.000
"Uzbekistan"	2	"Full Range"	1990.000	2019.000	-2.922	-3.114	-2.729	1	-29.365	0.000
"Vanuatu"	2	"Full Range"	1990.000	2019.000	-0.019	-0.235	0.196	0	-0.176	0.861
"Venezuela (Bolivarian Republic of)"	2	"Full Range"	1990.000	2019.000	-1.312	-1.754	-0.868	1	-5.768	0.000
"Viet Nam"	2	"Full Range"	1990.000	2019.000	0.935	0.858	1.013	1	23.863	0.000
"Yemen"	2	"Full Range"	1990.000	2019.000	-0.066	-0.155	0.023	0	-1.453	0.146
"Zambia"	2	"Full Range"	1990.000	2019.000	-0.767	-0.878	-0.655	1	-13.441	0.000
"Zimbabwe"	1	"Full Range"	1990.000	2019.000	0.077	-0.070	0.224	0	1.023	0.306
